67.75
55.25
111.75
82.25
74.75
53.25
111.75
44.75
130.75
60.75
73.25
54.25
55.75
61.25
301.25
132.75
60.25
63.75
46.25
57.25
138.75
152.75
95.25
58.75
162.75
48.25
147.75
60.25
55.75
81.25
58.25
63.75
108.25
66.25
66.25
74.25
45.25
98.25
157.75
63.25
29.75
106.75
18.75
114.75
111.75
76.25
168.75
146.75
210.75
306.75
164.75
165.75
126.75
119.75
89.75
82.75
56.25
33.75
33.75
56.75
117.25
130.75
123.75
50.25
103.25
238.75
144.75
67.25
61.75
169.75
118.75
153.75
165.75
36.25
173.75
140.75
166.75
172.75
171.75
91.75
74.75
66.75
74.75
89.75
63.75
130.75
129.25
109.25
101.25
132.25
291.25
173.25
98.75
52.75
30.25
41.25
55.25
59.25
55.25
81.25
78.25
27.75
90.75
25.25
90.75
59.25
89.25
84.25
167.75
80.25
67.25
62.25
49.75
104.75
61.75
143.75
106.75
136.75
74.25
71.25
106.25
62.25
58.25
54.75
83.25
43.25
81.75
82.75
70.75
16.25
53.75
28.75
115.25
126.75
116.75
111.75
165.75
113.75
240.75
180.75
178.75
42.25
63.25
52.75
31.75
73.75
40.25
55.25
120.75
84.75
131.75
164.75
40.25
64.25
82.75
123.75
136.75
122.75
118.75
164.75
170.75
173.75
84.25
93.25
66.25
90.75
52.75
123.25
100.75
52.25
85.25
77.25
74.25
43.75
48.25
111.75
93.25
96.75
192.75
142.75
112.75
193.75
172.75
150.75
92.75
276.75
223.75
60.25
83.25
41.25
76.25
41.75
102.75
87.25
65.75
90.25
63.25
94.75
135.75
36.25
131.75
122.75
73.25
146.75
146.75
231.25
88.25
81.25
51.25
14.25
136.75
44.25
34.25
106.25
176.75
55.25
109.75
79.25
16.25
55.25
10.25
146.75
103.75
67.75
77.25
80.25
84.75
99.25
103.25
110.75
123.75
61.25
89.25
187.75
44.75
159.75
134.75
128.75
63.25
71.25
168.25
58.25
40.25
118.75
75.75
96.75
105.75
136.75
145.75
140.75
81.75
158.75
69.25
111.75
76.25
162.75
82.75
178.75
57.75
55.75
60.75
137.75
97.75
58.75
147.75
110.75
227.75
191.75
253.75
93.75
145.75
99.75
28.75
68.75
122.75
103.75
111.75
83.75
59.75
34.25
69.75
64.75
92.75
52.25
52.25
73.25
40.25
